60744
35311
6931
36689
62788
49345
18505
65527
64638
49030
28857
60002
39814
25353
15771
23736
10162
37903
16699
3876
61624
59932
17752
869
12282
24754
47696
11098
27669
6460
34646
46761
13679
61604
65023
61223
25709
63278
63414
15109
62804
16186
39287
53711
25064
42227
1172
28638
57968
4419
29106
16708
22740
48773
8409
58340
11666
24866
60767
44625
2321
535
41561
61652
55681
20827
51943
7507
55035
15049
17561
17572
25284
23930
24720
8656
29672
29627
42245
41086
22798
52634
64524
61796
38296
18674
14430
32822
34100
1253
46591
35027
52518
50062
36001
20237
56313
8152
21823
46124
18284
36657
9674
51444
35619
31527
52448
10586
57809
32402
59163
10657
58246
10373
30547
51857
34814
17839
50645
54564
49183
2738
28705
37983
16380
2064
30084
14299
20307
20117
21771
45412
41889
55811
55642
46557
53482
15163
18081
44025
51039
39896
18736
42068
61551
57087
14217
48181
47061
42611
9247
29006
57589
62543
31000
48939
51387
39106
48604
20731
17533
29869
64238
31312
59643
13811
28485
367
13937
46323
58034
27727
4381
44142
30137
30800
34288
37376
63537
37595
43609
52720
22586
38926
18928
10561
57699
15144
32232
47442
48243
23689
32343
54479
20781
10529
21878
14039
61716
18759
18082
42763
6885
8088
63167
36869
63021
17817
51134
28142
37850
6640
36297
64616
30569
32090
18459
23171
52087
22013
59963
54476
65386
20251
27176
50484
59841
41774
11710
40641
42640
51948
58041
11239
29507
18988
43641
43636
41714
50976
532
29455
18597
18052
47623
27964
27233
6822
50066
42802
63366
31250
18042
64357
35494
7909
56606
63629
22875
63539
38989
1032
63331
13624
29950
28363
35932
34046
48473
31238
20551
44647
47534
57083
2518
60173
34348
42370
36208
7367
38069
579
64591
55433
43092
45397
37688
52191
5826
10230
65390
35473
3462
59488
27081
53940
2172
57865
8846
44068
47271
48848
14378
63520
16580
14095
24149
29738
62248
29586
44456
27347
65129
22835
44257
15432
42556
36512
14280
8415
34937
40424
39743
32915
56522
49389
15926
36092
50620
30263
31310
30290
27702
45825
41288
14803
20738
29662
19522
11874
43864
8092
58121
50693
52554
64443
11115
34294
61504
12274
46591
44484
57844
8749
11753
65200
18072
28495
10241
18722
21630
21085
47476
62818
29125
54321
17119
26747
10882
52643
53623
38123
55072
19767
51116
671
39917
50305
10499
20733
24037
63594
40175
31377
58037
50894
43368
43721
43938
43962
41743
7438
41593
36136
44423
32721
25942
48570
58802
38956
47047
43444
26902
10597
18056
3574
35821
22985
48148
33479
53870
16784
61697
9325
31874
62355
28802
5641
60580
63602
20714
57347
26236
56802
36619
26399
32512
33606
21129
37891
49641
13491
14010
10482
7697
21666
28627
42233
26514
21622
17644
9506
59888
31656
19860
44410
37342
36480
29407
8513
35966
48683
14556
62392
29764
34652
64507
34258
53661
49167
55029
32984
6659
13115
59036
55101
43701
53351
49946
31612
59385
53061
50756
9514
36368
49931
9890
32508
61650
43165
62348
61678
59860
37802
37220
35115
17905
64565
49969
45067
53667
28071
31106
49333
37564
48360
15111
64486
9525
6699
53990
50797
39743
38757
8393
46123
11622
50248
8207
31769
43585
7643
1021
54677
5261
31002
14094
11145
38462
40839
4462
35590
44590
51253
46791
49440
51191
53891
5096
2847
47412
28379
53707
23807
39021
8306
831
10456
10082
1728
42359
54919
28553
6397
59346
6580
64424
18269
52509
60908
18377
18220
42502
55449
117
34578
16987
53236
40616
26898
31346
47215
61002
53149
58624
16436
25757
54109
36028
11772
39448
1953
13833
13917
13040
40122
1109
38070
27199
26955
60067
64361
59576
1826
30623
46705
40988
48197
64826
56248
54208
32642
25378
10786
64405
36751
52218
21369
46378
30281
37857
12846
56587
65006
42335
13030
17676
17883
5360
40679
20883
24058
56479
38950
21348
21996
15844
24123
25718
40202
8469
50414
18455
44356
62641
52671
43072
60046
23816
50739
36567
11633
4883
39041
10483
51070
53596
40049
28462
50785
9387
58978
57371
33787
32020
4969
60419
2547
24644
59101
21203
45907
8372
49255
35153
43504
54288
19829
14604
9458
22248
44623
16888
38150
14777
10807
60555
32509
19713
5922
35532
39333
52384
42247
58757
44448
40740
10927
64338
45034
51626
34466
47564
63561
48459
19090
6095
19946
62820
9871
60122
46164
1895
21465
50078
29717
41585
18803
20056
15088
32843
34507
5611
29053
14205
46955
969
65083
36908
23990
42560
47663
8504
54895
47494
22477
53462
11219
59796
35839
29185
24808
31290
61774
18167
44427
58304
34918
11853
25835
23415
30135
48397
52148
17543
56408
27127
5322
11566
36958
11737
45974
663
2350
59390
38392
47365
7422
19826
3535
43569
58380
58206
59226
14315
53825
18760
36447
57445
60256
1293
11415
25442
40590
51397
20597
3840
42087
20553
10233
61266
25893
4424
28881
51365
19650
64440
28906
18542
51126
61880
8643
14255
52891
49940
306
10864
12047
49896
1056
54734
36842
14935
1899
189
21392
23420
59588
48515
26552
4266
35161
2876
7280
20251
15972
8682
48788
65160
17702
61527
51984
12824
22484
56442
41355
20441
27809
48274
3558
58327
26370
35746
22860
38901
18942
20257
50359
5021
33096
28787
59744
8905
39366
55900
63014
19606
16856
5308
46470
9131
27116
28172
46311
55086
42847
50758
28076
30582
39470
30958
30973
42786
39467
7955
19220
3336
44615
52707
49120
24273
8299
9683
39829
44105
32400
157
40062
10680
42583
3319
37385
57656
30736
56542
15962
53539
59471
14849
21859
17858
35112
21119
23892
63360
64843
2574
20981
16971
35909
28639
58829
55254
47149
48051
58069
41526
65123
60267
14134
16469
5821
417
33674
1753
4910
19560
50511
49155
48493
1205
56401
22687
50456
64037
62077
10472
36654
1889
9641
54085
21434
22595
34853
39257
18676
28565
37383
12163
48961
40383
18401
14384
43176
47002
42700
47492
13272
17373
44784
45334
4016
43384
45035
55535
1078
49458
11096
18225
49482
21478
50135
44167
50902
50265
45178
1494
54622
23261
8092
57475
25970
18726
53021
12310
47245
41283
64846
54323
29385
45649
13107
37180
39573
52308
26918
30869
59093
35059
45014
47523
31830
52398
1007
3815
30189
41553
53318
33897
42775
27699
5042
4964
4979
13263
15072
31732
14023
56103
48558
